################################################################################
# Data file for Pacific Herring stock assessment using iSCAM
# Region(s):	Haida Gwaii
# Section(s):	6
# Created:	2019-11-25
# Edited:	
################################################################################
#
##### Model dimensions #####
1	# Number of areas (narea)
1	# Number of groups (ngroup)
1	# Number of sexes (nsex)
1951	# First year (syr)
2019	# Last year (nyr)
2	# Youngest age (sage)
10	# Plus group (nage)
5	# Number of gears (ngear)
#
##### Fishery flags #####
0	0	0	0	0	# TAC allocations (mean of last 20 years)
#
##### Age and population parameters #####
27	# Asymptotic length (linf)
0.48	# Brody growth coefficient (k)
0	# Theoretical age at zero length (t0)
4.5e-06	# Scalar in length-weight allometry (alpha)
3.127	# Power parameter in length-weight allometry (beta)
2.055	# Age at 50% maturity
0.05	# Standard deviation at 50% maturity
1	# Natural mortality indicator
0.24974, 0.9, 1, 1, 1, 1, 1, 1, 1	# Maturity vector
#
##### Delay-difference parameters (not used) #####
0	# (kage)
0	# (alpha_g)
0	# (rho_g)
0	# (wk)
#
##### Catch (t*10^3) #####
18	# Number of observations
# Year	Gear	Area	Group	Sex	Type	Value
1957	1	1	1	0	1	0.464
1964	1	1	1	0	1	1.924
1965	1	1	1	0	1	3.026
1967	1	1	1	0	1	0.052
1972	1	1	1	0	1	0.071
1972	2	1	1	0	1	0.512
1973	2	1	1	0	1	0.071
1975	2	1	1	0	1	1.613
1976	2	1	1	0	1	2.156
1977	2	1	1	0	1	2.604
1978	2	1	1	0	1	1.705
1980	2	1	1	0	1	0.793
1989	2	1	1	0	1	1.419
1990	2	1	1	0	1	5.25
1992	2	1	1	0	1	2.46
1976	3	1	1	0	1	0.334
1978	3	1	1	0	1	0.532
1980	3	1	1	0	1	0.249
#
##### Spawn (t*10^3) #####
2		# Number of survey types
25	19	# Number of years per survey
3	3	# Survey type (1=vuln. number, 2=vuln. biomass, 3=spawn biomass)
# Year	Spawn	Gear	Area	Group	Sex	Weight	Timing
1959	0.638	4	1	1	0	1	1
1960	2.163	4	1	1	0	1	1
1961	1.176	4	1	1	0	1	1
1962	0.547	4	1	1	0	1	1
1964	0.909	4	1	1	0	1	1
1965	0.169	4	1	1	0	1	1
1967	0.005	4	1	1	0	1	1
1968	0.019	4	1	1	0	1	1
1970	0.158	4	1	1	0	1	1
1971	0.822	4	1	1	0	1	1
1972	1.556	4	1	1	0	1	1
1973	3.023	4	1	1	0	1	1
1974	2.198	4	1	1	0	1	1
1975	2.39	4	1	1	0	1	1
1976	3.736	4	1	1	0	1	1
1977	1.252	4	1	1	0	1	1
1978	0.502	4	1	1	0	1	1
1979	0.457	4	1	1	0	1	1
1980	0.695	4	1	1	0	1	1
1981	0.218	4	1	1	0	1	1
1982	0.591	4	1	1	0	1	1
1983	0.482	4	1	1	0	1	1
1984	0.325	4	1	1	0	1	1
1985	0.343	4	1	1	0	1	1
1987	0.159	4	1	1	0	1	1
1988	1.096	5	1	1	0	1.1666	1
1989	5.118	5	1	1	0	1.1666	1
1990	1.959	5	1	1	0	1.1666	1
1991	0.773	5	1	1	0	1.1666	1
1992	1	5	1	1	0	1.1666	1
1993	0.278	5	1	1	0	1.1666	1
1994	0.067	5	1	1	0	1.1666	1
1996	0.125	5	1	1	0	1.1666	1
1997	0.052	5	1	1	0	1.1666	1
1999	0.044	5	1	1	0	1.1666	1
2001	0.255	5	1	1	0	1.1666	1
2002	0.1	5	1	1	0	1.1666	1
2005	0.503	5	1	1	0	1.1666	1
2007	0.102	5	1	1	0	1.1666	1
2010	0.151	5	1	1	0	1.1666	1
2011	0.193	5	1	1	0	1.1666	1
2012	0.198	5	1	1	0	1.1666	1
2013	1.272	5	1	1	0	1.1666	1
2019	0.184	5	1	1	0	1.1666	1
#
##### Number-at-age #####
3			# Number of gears
1	33	4	# Number of years per gear
2	2	2	# Youngest age
10	10	10	# Plus group
100	100	100	# Effective sample size
1	1	1	# Composition (1=age, 2=length)
# Year	Gear	Area	Group	Sex	2	3	4	5	6	7	8	9	10
1957	1	1	1	0	1	38	16	11	14	9	2	0	0
1972	2	1	1	0	12	184	120	50	10	4	2	1	0
1973	2	1	1	0	0	254	123	39	5	0	0	0	0
1974	2	1	1	0	0	50	158	76	14	0	0	0	0
1975	2	1	1	0	0	115	482	771	250	27	1	0	0
1976	2	1	1	0	9	33	111	288	546	165	13	1	0
1977	2	1	1	0	3	315	70	161	327	385	126	9	0
1978	2	1	1	0	1	110	62	12	46	70	45	12	1
1980	2	1	1	0	2	765	50	72	39	25	25	17	3
1981	2	1	1	0	0	37	291	18	6	0	4	0	1
1982	2	1	1	0	11	20	39	277	17	12	4	3	2
1983	2	1	1	0	18	5	1	7	43	2	2	1	0
1984	2	1	1	0	7	19	7	6	15	37	0	0	0
1986	2	1	1	0	96	1	0	0	0	0	0	0	0
1988	2	1	1	0	2	272	6	1	1	0	0	0	0
1989	2	1	1	0	55	72	1374	59	2	10	6	1	3
1990	2	1	1	0	3	257	131	1873	55	5	12	4	4
1991	2	1	1	0	14	8	35	18	189	11	1	1	1
1992	2	1	1	0	17	487	68	133	68	787	39	2	8
1993	2	1	1	0	1	35	78	21	25	18	104	7	0
1996	2	1	1	0	201	42	2	4	11	16	3	1	1
1997	2	1	1	0	70	82	28	4	1	2	5	2	1
1998	2	1	1	0	2	60	26	6	0	0	0	2	0
2001	2	1	1	0	92	12	37	11	32	3	4	0	1
2002	2	1	1	0	5	60	5	9	0	14	1	1	1
2003	2	1	1	0	0	374	168	9	13	2	10	2	0
2004	2	1	1	0	75	9	6	4	0	0	0	0	0
2010	2	1	1	0	63	47	61	4	6	2	5	1	0
2011	2	1	1	0	16	55	10	8	1	0	0	0	0
2012	2	1	1	0	2	41	39	5	6	0	0	0	0
2013	2	1	1	0	0	85	62	26	2	6	1	0	0
2014	2	1	1	0	3	0	98	52	27	1	3	0	0
2015	2	1	1	0	4	52	5	22	8	3	1	0	0
2019	2	1	1	0	1	59	23	3	0	0	0	0	0
1974	3	1	1	0	0	8	49	19	8	1	0	0	0
1976	3	1	1	0	0	0	1	29	81	19	3	0	0
1978	3	1	1	0	0	1	8	19	32	65	33	6	1
1980	3	1	1	0	0	1	12	70	40	24	27	7	1
#
##### Weight-at-age (kg) #####
1	# Number of weight-at-age tables
69	# Number of years
# Year	Gear	Area	Group	Sex	2	3	4	5	6	7	8	9	10
1951	1	1	1	0	0.028	0.0846	0.1132	0.1257	0.1486	0.168	0.158	0.203	0.273
1952	1	1	1	0	0.028	0.0846	0.1132	0.1257	0.1486	0.168	0.158	0.203	0.273
1953	1	1	1	0	0.028	0.0846	0.1132	0.1257	0.1486	0.168	0.158	0.203	0.273
1954	1	1	1	0	0.028	0.0846	0.1132	0.1257	0.1486	0.168	0.158	0.203	0.273
1955	1	1	1	0	0.028	0.0846	0.1132	0.1257	0.1486	0.168	0.158	0.203	0.273
1956	1	1	1	0	0.028	0.0846	0.1132	0.1257	0.1486	0.168	0.158	0.203	0.273
1957	1	1	1	0	0.028	0.0846	0.1132	0.1257	0.1486	0.168	0.158	0.203	0.273
1958	1	1	1	0	0.028	0.0846	0.1132	0.1257	0.1486	0.168	0.158	0.203	0.273
1959	1	1	1	0	0.028	0.0846	0.1132	0.1257	0.1486	0.168	0.158	0.203	0.273
1960	1	1	1	0	0.028	0.0846	0.1132	0.1257	0.1486	0.168	0.158	0.203	0.273
1961	1	1	1	0	0.028	0.0846	0.1132	0.1257	0.1486	0.168	0.158	0.203	0.273
1962	1	1	1	0	0.028	0.0846	0.1132	0.1257	0.1486	0.168	0.158	0.203	0.273
1963	1	1	1	0	0.028	0.0846	0.1132	0.1257	0.1486	0.168	0.158	0.203	0.273
1964	1	1	1	0	0.028	0.0846	0.1132	0.1257	0.1486	0.168	0.158	0.203	0.273
1965	1	1	1	0	0.028	0.0846	0.1132	0.1257	0.1486	0.168	0.158	0.203	0.273
1966	1	1	1	0	0.028	0.0846	0.1132	0.1257	0.1486	0.168	0.158	0.203	0.273
1967	1	1	1	0	0.028	0.0846	0.1132	0.1257	0.1486	0.168	0.158	0.203	0.273
1968	1	1	1	0	0.028	0.0846	0.1132	0.1257	0.1486	0.168	0.158	0.203	0.273
1969	1	1	1	0	0.028	0.0846	0.1132	0.1257	0.1486	0.168	0.158	0.203	0.273
1970	1	1	1	0	0.028	0.0846	0.1132	0.1257	0.1486	0.168	0.158	0.203	0.273
1971	1	1	1	0	0.028	0.0846	0.1132	0.1257	0.1486	0.168	0.158	0.203	0.273
1972	1	1	1	0	0.0538	0.1057	0.1482	0.168	0.1961	0.2262	0.2365	0.203	0.273
1973	1	1	1	0	0.0332	0.0991	0.1407	0.1783	0.2006	0.1796	0.1737	0.203	0.273
1974	1	1	1	0	0.0342	0.0898	0.1287	0.1645	0.1941	0.182	0.1768	0.203	0.273
1975	1	1	1	0	0.0354	0.091	0.1259	0.1627	0.1863	0.1918	0.215	0.203	0.273
1976	1	1	1	0	0.071	0.0971	0.1338	0.1652	0.1886	0.208	0.2325	0.248	0.273
1977	1	1	1	0	0.054	0.1095	0.1363	0.1668	0.1901	0.2059	0.2188	0.25	0.273
1978	1	1	1	0	0.064	0.1001	0.1331	0.148	0.1794	0.2021	0.2161	0.2347	0.273
1979	1	1	1	0	0.0517	0.0975	0.1316	0.1614	0.1877	0.198	0.2118	0.2277	0.273
1980	1	1	1	0	0.049	0.0863	0.1099	0.1572	0.1798	0.1967	0.1992	0.2338	0.2263
1981	1	1	1	0	0.0579	0.0956	0.1128	0.1365	0.1502	0.2021	0.2202	0.2388	0.156
1982	1	1	1	0	0.0677	0.1022	0.1188	0.1306	0.1422	0.1549	0.1678	0.1983	0.1965
1983	1	1	1	0	0.0671	0.0908	0.142	0.1401	0.1556	0.162	0.2045	0.215	0.225
1984	1	1	1	0	0.083	0.1103	0.1177	0.1653	0.1737	0.1759	0.2007	0.2227	0.2154
1985	1	1	1	0	0.0649	0.097	0.1202	0.146	0.1603	0.1783	0.1985	0.2217	0.2038
1986	1	1	1	0	0.0695	0.091	0.1223	0.1437	0.1564	0.1747	0.1983	0.2193	0.1993
1987	1	1	1	0	0.0704	0.0983	0.1242	0.1451	0.1576	0.1692	0.194	0.2154	0.208
1988	1	1	1	0	0.074	0.0902	0.1352	0.16	0.212	0.172	0.1992	0.2189	0.2103
1989	1	1	1	0	0.0621	0.0958	0.1223	0.1547	0.155	0.1893	0.1927	0.179	0.1897
1990	1	1	1	0	0.0647	0.1028	0.1264	0.1445	0.1733	0.1824	0.1853	0.213	0.2235
1991	1	1	1	0	0.0611	0.0918	0.1312	0.141	0.1609	0.1821	0.217	0.206	0.262
1992	1	1	1	0	0.0584	0.104	0.1331	0.1577	0.1625	0.1801	0.1928	0.2045	0.2084
1993	1	1	1	0	0.074	0.1042	0.1269	0.1349	0.1693	0.1747	0.1734	0.1789	0.2188
1994	1	1	1	0	0.064	0.0997	0.128	0.1465	0.1642	0.1817	0.1922	0.1963	0.2205
1995	1	1	1	0	0.0644	0.1005	0.1291	0.1449	0.166	0.1802	0.1921	0.1997	0.2266
1996	1	1	1	0	0.0691	0.0963	0.107	0.1528	0.1643	0.1716	0.1663	0.149	0.175
1997	1	1	1	0	0.0656	0.1033	0.1168	0.1272	0.13	0.1285	0.178	0.158	0.169
1998	1	1	1	0	0.061	0.0918	0.1186	0.135	0.1588	0.1673	0.1804	0.215	0.202
1999	1	1	1	0	0.0648	0.0983	0.1199	0.1413	0.1567	0.1659	0.1818	0.1836	0.1986
2000	1	1	1	0	0.065	0.098	0.1183	0.1402	0.1551	0.1627	0.1797	0.1811	0.1942
2001	1	1	1	0	0.0651	0.0872	0.1233	0.1458	0.1603	0.158	0.174	0.1773	0.211
2002	1	1	1	0	0.0602	0.0972	0.1044	0.1406	0.1522	0.1868	0.183	0.223	0.166
2003	1	1	1	0	0.0632	0.0901	0.1279	0.139	0.1714	0.201	0.1971	0.1605	0.1944
2004	1	1	1	0	0.0478	0.0519	0.0897	0.152	0.1591	0.1749	0.1831	0.1851	0.1928
2005	1	1	1	0	0.0603	0.0849	0.1127	0.1435	0.1596	0.1767	0.1834	0.1854	0.1917
2006	1	1	1	0	0.0593	0.0823	0.1116	0.1442	0.1605	0.1795	0.1841	0.1863	0.1912
2007	1	1	1	0	0.0582	0.0813	0.1093	0.1439	0.1606	0.1838	0.1862	0.1881	0.1872
2008	1	1	1	0	0.0578	0.0781	0.1102	0.1445	0.1623	0.1832	0.1868	0.1811	0.1915
2009	1	1	1	0	0.0567	0.0757	0.1067	0.1456	0.1604	0.1796	0.1847	0.1852	0.1909
2010	1	1	1	0	0.0623	0.0752	0.1072	0.14	0.18	0.1775	0.182	0.168	0.1905
2011	1	1	1	0	0.0553	0.0827	0.085	0.0995	0.118	0.1807	0.1848	0.1817	0.1902
2012	1	1	1	0	0.061	0.1011	0.1304	0.1186	0.1473	0.1809	0.1849	0.1808	0.1901
2013	1	1	1	0	0.0586	0.0961	0.1392	0.1658	0.1785	0.1537	0.149	0.1794	0.1906
2014	1	1	1	0	0.0677	0.0862	0.1251	0.1596	0.1716	0.194	0.162	0.179	0.1905
2015	1	1	1	0	0.064	0.1077	0.1036	0.146	0.1688	0.1443	0.17	0.1778	0.1904
2016	1	1	1	0	0.0613	0.0947	0.1166	0.1379	0.1568	0.1707	0.1701	0.1797	0.1904
2017	1	1	1	0	0.0625	0.0971	0.123	0.1456	0.1646	0.1687	0.1672	0.1793	0.1904
2018	1	1	1	0	0.0628	0.0964	0.1215	0.151	0.1681	0.1663	0.1637	0.179	0.1904
2019	1	1	1	0	0.053	0.0805	0.0816	0.1103	0.166	0.1688	0.1666	0.179	0.1904
#
##### Annual mean weight (not used) #####
1 	# Number of annual mean weight tables
0 	# Number of observations per table
#
##### Marker for end of data file #####
999 	# End of file
