################################################################################
# Data file for Pacific Herring stock assessment using iSCAM
# Region(s):	West Coast of Vancouver Island
# Section(s):	250, 251, 252, 253, and 259
# Created:	2020-01-09
# Edited:	
################################################################################
#
##### Model dimensions #####
1	# Number of areas (narea)
1	# Number of groups (ngroup)
1	# Number of sexes (nsex)
1951	# First year (syr)
2019	# Last year (nyr)
2	# Youngest age (sage)
10	# Plus group (nage)
5	# Number of gears (ngear)
#
##### Fishery flags #####
0	0.7093	0.2907	0	0	# TAC allocations (mean of last 20 years)
#
##### Age and population parameters #####
27	# Asymptotic length (linf)
0.48	# Brody growth coefficient (k)
0	# Theoretical age at zero length (t0)
4.5e-06	# Scalar in length-weight allometry (alpha)
3.127	# Power parameter in length-weight allometry (beta)
2.055	# Age at 50% maturity
0.05	# Standard deviation at 50% maturity
1	# Natural mortality indicator
0.24974, 0.9, 1, 1, 1, 1, 1, 1, 1	# Maturity vector
#
##### Delay-difference parameters (not used) #####
0	# (kage)
0	# (alpha_g)
0	# (rho_g)
0	# (wk)
#
##### Catch (t*10^3) #####
57	# Number of observations
# Year	Gear	Area	Group	Sex	Type	Value
1951	1	1	1	0	1	5.908
1952	1	1	1	0	1	16.378
1954	1	1	1	0	1	4.51
1955	1	1	1	0	1	0.083
1957	1	1	1	0	1	0.013
1958	1	1	1	0	1	0.043
1959	1	1	1	0	1	31.838
1960	1	1	1	0	1	36.259
1961	1	1	1	0	1	12.946
1962	1	1	1	0	1	8.087
1963	1	1	1	0	1	14.187
1964	1	1	1	0	1	1.036
1965	1	1	1	0	1	1.983
1966	1	1	1	0	1	2.673
1967	1	1	1	0	1	5.974
1975	1	1	1	0	1	0
1978	1	1	1	0	1	0.804
1995	1	1	1	0	1	0
1996	1	1	1	0	1	0
1972	2	1	1	0	1	2.609
1973	2	1	1	0	1	7.381
1974	2	1	1	0	1	8.859
1975	2	1	1	0	1	6.072
1976	2	1	1	0	1	3.442
1977	2	1	1	0	1	0.683
1978	2	1	1	0	1	0.714
1979	2	1	1	0	1	4.872
1981	2	1	1	0	1	2.108
1991	2	1	1	0	1	1.625
1998	2	1	1	0	1	0.197
2000	2	1	1	0	1	0.43
2002	2	1	1	0	1	0.433
2003	2	1	1	0	1	0.498
2004	2	1	1	0	1	3.861
2005	2	1	1	0	1	3.373
1973	3	1	1	0	1	0.513
1974	3	1	1	0	1	1.103
1975	3	1	1	0	1	1.442
1976	3	1	1	0	1	1.942
1977	3	1	1	0	1	2.907
1978	3	1	1	0	1	3.178
1979	3	1	1	0	1	3.946
1980	3	1	1	0	1	1.706
1981	3	1	1	0	1	1.055
1982	3	1	1	0	1	2.377
1983	3	1	1	0	1	2.434
1984	3	1	1	0	1	0.858
1987	3	1	1	0	1	2.471
1988	3	1	1	0	1	0
1994	3	1	1	0	1	0.706
1998	3	1	1	0	1	0.299
1999	3	1	1	0	1	0.679
2000	3	1	1	0	1	0.7
2002	3	1	1	0	1	0.388
2003	3	1	1	0	1	0.945
2004	3	1	1	0	1	0.593
2005	3	1	1	0	1	0.896
#
##### Spawn (t*10^3) #####
2		# Number of survey types
37	31	# Number of years per survey
3	3	# Survey type (1=vuln. number, 2=vuln. biomass, 3=spawn biomass)
# Year	Spawn	Gear	Area	Group	Sex	Weight	Timing
1951	13.761	4	1	1	0	1	1
1952	2.963	4	1	1	0	1	1
1953	26.769	4	1	1	0	1	1
1954	12.772	4	1	1	0	1	1
1955	8.894	4	1	1	0	1	1
1956	15.206	4	1	1	0	1	1
1957	35.994	4	1	1	0	1	1
1958	8.383	4	1	1	0	1	1
1959	7.896	4	1	1	0	1	1
1960	0.844	4	1	1	0	1	1
1961	2.763	4	1	1	0	1	1
1962	12.584	4	1	1	0	1	1
1963	1.183	4	1	1	0	1	1
1964	6.764	4	1	1	0	1	1
1965	5.977	4	1	1	0	1	1
1966	1.501	4	1	1	0	1	1
1967	3.654	4	1	1	0	1	1
1968	5.86	4	1	1	0	1	1
1969	4.015	4	1	1	0	1	1
1970	7.434	4	1	1	0	1	1
1971	8.899	4	1	1	0	1	1
1972	19.466	4	1	1	0	1	1
1973	8.3	4	1	1	0	1	1
1974	4.254	4	1	1	0	1	1
1975	10.801	4	1	1	0	1	1
1976	8.91	4	1	1	0	1	1
1977	5.326	4	1	1	0	1	1
1978	16.193	4	1	1	0	1	1
1979	11.477	4	1	1	0	1	1
1980	7.603	4	1	1	0	1	1
1981	7.935	4	1	1	0	1	1
1982	11.418	4	1	1	0	1	1
1983	6.565	4	1	1	0	1	1
1984	2.37	4	1	1	0	1	1
1985	1.924	4	1	1	0	1	1
1986	6.1	4	1	1	0	1	1
1987	8.017	4	1	1	0	1	1
1988	9.714	5	1	1	0	1.1666	1
1989	3.128	5	1	1	0	1.1666	1
1990	6.216	5	1	1	0	1.1666	1
1991	2.764	5	1	1	0	1.1666	1
1992	5.689	5	1	1	0	1.1666	1
1993	4.32	5	1	1	0	1.1666	1
1994	6.67	5	1	1	0	1.1666	1
1995	6.816	5	1	1	0	1.1666	1
1996	6.421	5	1	1	0	1.1666	1
1997	5.618	5	1	1	0	1.1666	1
1998	3.893	5	1	1	0	1.1666	1
1999	8.608	5	1	1	0	1.1666	1
2000	6.518	5	1	1	0	1.1666	1
2001	8.701	5	1	1	0	1.1666	1
2002	4.152	5	1	1	0	1.1666	1
2003	23.07	5	1	1	0	1.1666	1
2004	8.655	5	1	1	0	1.1666	1
2005	4.819	5	1	1	0	1.1666	1
2006	0.495	5	1	1	0	1.1666	1
2008	0.335	5	1	1	0	1.1666	1
2009	3.474	5	1	1	0	1.1666	1
2010	1.171	5	1	1	0	1.1666	1
2011	4.192	5	1	1	0	1.1666	1
2012	3.044	5	1	1	0	1.1666	1
2013	7.374	5	1	1	0	1.1666	1
2014	3.843	5	1	1	0	1.1666	1
2015	5.008	5	1	1	0	1.1666	1
2016	3.216	5	1	1	0	1.1666	1
2017	8.933	5	1	1	0	1.1666	1
2018	13.36	5	1	1	0	1.1666	1
2019	10.38	5	1	1	0	1.1666	1
#
##### Number-at-age #####
3			# Number of gears
13	48	17	# Number of years per gear
2	2	2	# Youngest age
10	10	10	# Plus group
100	100	100	# Effective sample size
1	1	1	# Composition (1=age, 2=length)
# Year	Gear	Area	Group	Sex	2	3	4	5	6	7	8	9	10
1951	1	1	1	0	3	53	106	25	7	2	0	0	0
1952	1	1	1	0	7	330	891	1690	231	69	16	2	0
1953	1	1	1	0	319	673	176	10	4	1	0	0	0
1954	1	1	1	0	0	168	161	24	10	1	0	0	0
1958	1	1	1	0	44	188	145	47	33	20	5	1	0
1959	1	1	1	0	22	390	485	404	121	85	69	19	4
1960	1	1	1	0	110	1315	565	230	78	25	9	4	2
1961	1	1	1	0	53	106	76	13	0	0	0	0	0
1962	1	1	1	0	21	444	39	3	3	0	0	0	0
1963	1	1	1	0	8	592	707	56	7	2	0	0	0
1964	1	1	1	0	0	24	16	9	1	0	0	0	0
1965	1	1	1	0	0	14	29	6	0	0	0	0	0
1978	1	1	1	0	8	281	97	80	100	14	4	2	0
1972	2	1	1	0	1	48	135	142	15	5	2	1	0
1973	2	1	1	0	1	149	151	213	79	14	1	1	0
1974	2	1	1	0	71	969	521	406	330	89	9	2	1
1975	2	1	1	0	17	2558	651	272	221	154	45	6	1
1976	2	1	1	0	10	282	1136	368	181	166	54	7	0
1977	2	1	1	0	5	112	117	195	65	51	21	9	0
1978	2	1	1	0	15	618	119	57	52	20	13	1	1
1979	2	1	1	0	20	316	1118	153	58	48	4	2	1
1980	2	1	1	0	15	401	217	291	31	10	1	0	0
1981	2	1	1	0	0	102	267	78	121	14	1	0	0
1982	2	1	1	0	4	234	275	392	65	132	11	3	0
1983	2	1	1	0	11	79	72	103	119	31	28	1	0
1984	2	1	1	0	122	98	9	2	4	7	1	2	0
1985	2	1	1	0	119	430	49	16	15	16	8	1	0
1986	2	1	1	0	26	569	383	21	9	9	6	1	0
1987	2	1	1	0	147	156	177	243	17	3	2	3	0
1988	2	1	1	0	36	720	111	126	159	11	4	2	0
1989	2	1	1	0	7	123	369	60	86	89	6	3	0
1990	2	1	1	0	3	153	69	212	26	45	29	3	1
1991	2	1	1	0	239	880	511	286	698	75	94	21	0
1992	2	1	1	0	22	701	71	34	15	19	4	3	1
1993	2	1	1	0	36	242	294	30	14	8	8	0	0
1994	2	1	1	0	25	410	265	149	12	5	2	0	0
1995	2	1	1	0	3	65	255	146	93	9	3	2	0
1996	2	1	1	0	246	326	193	547	250	165	19	4	2
1997	2	1	1	0	12	654	65	39	104	59	20	2	1
1998	2	1	1	0	11	192	417	37	27	51	20	9	2
1999	2	1	1	0	12	140	198	232	39	14	18	2	3
2000	2	1	1	0	15	366	252	272	386	59	26	16	6
2001	2	1	1	0	12	252	189	60	68	68	13	2	1
2002	2	1	1	0	110	1285	567	248	73	107	86	9	0
2003	2	1	1	0	27	818	770	232	57	15	14	7	0
2004	2	1	1	0	38	425	1528	660	212	53	16	9	0
2005	2	1	1	0	22	589	427	469	168	57	10	2	2
2006	2	1	1	0	26	104	144	42	43	4	1	0	0
2007	2	1	1	0	4	172	115	41	9	3	0	0	0
2008	2	1	1	0	21	73	320	71	23	5	6	1	1
2009	2	1	1	0	4	416	94	67	14	2	0	0	0
2010	2	1	1	0	57	36	71	9	3	0	1	0	0
2011	2	1	1	0	7	164	60	40	1	1	0	0	0
2012	2	1	1	0	5	58	165	23	20	1	0	0	0
2013	2	1	1	0	4	38	36	78	9	11	1	0	0
2014	2	1	1	0	1	65	14	6	7	2	0	0	0
2015	2	1	1	0	63	168	413	48	15	31	3	0	1
2016	2	1	1	0	7	318	69	40	6	1	3	0	0
2017	2	1	1	0	0	16	256	47	28	5	0	0	0
2018	2	1	1	0	10	33	48	393	49	21	4	0	0
2019	2	1	1	0	9	252	55	27	198	34	14	2	0
1976	3	1	1	0	0	0	12	29	16	14	5	0	0
1977	3	1	1	0	0	0	14	64	30	32	16	5	1
1978	3	1	1	0	0	2	5	41	77	44	16	2	1
1979	3	1	1	0	0	2	18	11	7	15	0	0	0
1980	3	1	1	0	0	0	7	56	3	0	0	0	0
1982	3	1	1	0	0	4	42	235	61	152	16	1	0
1983	3	1	1	0	0	2	81	136	256	37	56	2	1
1984	3	1	1	0	0	10	40	107	194	190	32	20	2
1987	3	1	1	0	0	10	135	340	30	12	16	5	2
1994	3	1	1	0	1	35	199	340	33	7	4	1	0
1998	3	1	1	0	0	0	117	43	29	109	44	16	2
1999	3	1	1	0	0	4	64	207	72	23	18	9	0
2000	3	1	1	0	0	8	47	169	330	39	16	14	2
2002	3	1	1	0	0	0	55	154	82	110	120	12	2
2003	3	1	1	0	0	15	99	203	142	77	103	57	4
2004	3	1	1	0	0	5	179	154	158	92	24	14	5
2005	3	1	1	0	0	4	54	294	143	61	22	1	2
#
##### Weight-at-age (kg) #####
1	# Number of weight-at-age tables
69	# Number of years
# Year	Gear	Area	Group	Sex	2	3	4	5	6	7	8	9	10
1951	1	1	1	0	0.058	0.0902	0.1098	0.1344	0.1294	0.1585	0.1781	0.19	0.1488
1952	1	1	1	0	0.057	0.0896	0.1172	0.1385	0.1564	0.1699	0.1781	0.19	0.1488
1953	1	1	1	0	0.0357	0.082	0.1006	0.122	0.1535	0.168	0.1781	0.19	0.1488
1954	1	1	1	0	0.0502	0.0775	0.097	0.1223	0.1446	0.1655	0.1781	0.19	0.1488
1955	1	1	1	0	0.0502	0.0848	0.1062	0.1293	0.146	0.1655	0.1781	0.19	0.1488
1956	1	1	1	0	0.0502	0.0848	0.1062	0.1293	0.146	0.1655	0.1781	0.19	0.1488
1957	1	1	1	0	0.0487	0.0838	0.1054	0.1283	0.1493	0.1669	0.1781	0.19	0.1488
1958	1	1	1	0	0.0505	0.0695	0.0963	0.1062	0.124	0.1281	0.1383	0.169	0.1488
1959	1	1	1	0	0.0528	0.077	0.0949	0.1129	0.1222	0.1334	0.1393	0.1506	0.1488
1960	1	1	1	0	0.0576	0.0894	0.1054	0.12	0.1335	0.1455	0.1588	0.1745	0.1645
1961	1	1	1	0	0.0554	0.0937	0.113	0.1355	0.135	0.1479	0.1585	0.1748	0.1566
1962	1	1	1	0	0.0545	0.092	0.1041	0.1353	0.1307	0.1443	0.1546	0.1718	0.1566
1963	1	1	1	0	0.0475	0.0928	0.1125	0.1216	0.136	0.1285	0.1499	0.1681	0.1566
1964	1	1	1	0	0.0536	0.0975	0.1256	0.146	0.157	0.1399	0.1522	0.168	0.1566
1965	1	1	1	0	0.0537	0.1099	0.1256	0.1518	0.1384	0.1412	0.1548	0.1714	0.1582
1966	1	1	1	0	0.0529	0.0972	0.1162	0.1381	0.1394	0.1404	0.154	0.1708	0.1569
1967	1	1	1	0	0.0524	0.0979	0.1168	0.1386	0.1403	0.1389	0.15310000000000001	0.17	0.157
1968	1	1	1	0	0.052	0.0991	0.1193	0.1392	0.1422	0.1378	0.1528	0.1697	0.1571
1969	1	1	1	0	0.0529	0.1003	0.1207	0.1427	0.1435	0.1396	0.1534	0.17	0.1572
1970	1	1	1	0	0.0528	0.1009	0.1197	0.1421	0.1408	0.1396	0.1536	0.1704	0.1573
1971	1	1	1	0	0.0526	0.0991	0.1185	0.1401	0.1412	0.1392	0.1534	0.1702	0.1571
1972	1	1	1	0	0.051	0.1018	0.1397	0.1637	0.1794	0.1694	0.2315	0.16	0.1571
1973	1	1	1	0	0.065	0.1025	0.1322	0.1576	0.1834	0.178	0.132	0.267	0.1571
1974	1	1	1	0	0.0582	0.0873	0.1237	0.1532	0.1732	0.1873	0.1844	0.2175	0.231
1975	1	1	1	0	0.0545	0.0879	0.1228	0.1598	0.1871	0.2079	0.2244	0.252	0.207
1976	1	1	1	0	0.0566	0.085	0.1169	0.1503	0.1836	0.2009	0.2198	0.233	0.1819
1977	1	1	1	0	0.0612	0.081	0.1135	0.1347	0.1675	0.187	0.1899	0.1964	0.1868
1978	1	1	1	0	0.0587	0.0771	0.1048	0.1349	0.154	0.1753	0.1959	0.2143	0.223
1979	1	1	1	0	0.0602	0.083	0.1053	0.1304	0.1551	0.1864	0.165	0.1305	0.163
1980	1	1	1	0	0.0507	0.0811	0.1081	0.1207	0.1396	0.1547	0.152	0.2053	0.1923
1981	1	1	1	0	0.0575	0.0875	0.1094	0.1297	0.1354	0.1522	0.184	0.1959	0.1894
1982	1	1	1	0	0.0682	0.0866	0.1006	0.1185	0.1273	0.1331	0.1375	0.147	0.1909
1983	1	1	1	0	0.0572	0.0891	0.1146	0.132	0.1458	0.1518	0.15310000000000001	0.171	0.1917
1984	1	1	1	0	0.0662	0.0939	0.1118	0.1195	0.152	0.15310000000000001	0.189	0.146	0.1855
1985	1	1	1	0	0.0691	0.0961	0.1275	0.1591	0.1684	0.1779	0.196	0.181	0.19
1986	1	1	1	0	0.0762	0.1044	0.1273	0.1415	0.182	0.1838	0.211	0.169	0.1895
1987	1	1	1	0	0.0651	0.1024	0.1438	0.1729	0.1936	0.2033	0.181	0.2227	0.1895
1988	1	1	1	0	0.0683	0.103	0.1341	0.1615	0.1836	0.1845	0.2028	0.1965	0.1892
1989	1	1	1	0	0.0754	0.0976	0.1389	0.1691	0.1894	0.2117	0.1953	0.2043	0.1887
1990	1	1	1	0	0.0583	0.1006	0.1298	0.17	0.1849	0.2106	0.2177	0.2157	0.211
1991	1	1	1	0	0.0669	0.094	0.1216	0.139	0.1612	0.1846	0.1908	0.204	0.1936
1992	1	1	1	0	0.0677	0.0989	0.1212	0.1501	0.1683	0.18	0.209	0.2367	0.228
1993	1	1	1	0	0.06	0.0947	0.1209	0.142	0.1656	0.1746	0.1828	0.2114	0.2021
1994	1	1	1	0	0.07	0.0949	0.1153	0.1328	0.1355	0.1594	0.1655	0.2144	0.2047
1995	1	1	1	0	0.061	0.0956	0.113	0.1314	0.1482	0.1584	0.162	0.162	0.2079
1996	1	1	1	0	0.064	0.0885	0.1145	0.133	0.1434	0.1562	0.1741	0.1658	0.182
1997	1	1	1	0	0.0712	0.0921	0.1096	0.1314	0.1412	0.1512	0.1666	0.165	0.142
1998	1	1	1	0	0.055	0.079	0.1041	0.1123	0.1394	0.1399	0.1482	0.1417	0.143
1999	1	1	1	0	0.054	0.0837	0.1022	0.1209	0.1264	0.1405	0.1492	0.153	0.1457
2000	1	1	1	0	0.0618	0.0913	0.1069	0.1334	0.1487	0.1658	0.1621	0.1742	0.184
2001	1	1	1	0	0.0622	0.0961	0.1166	0.1348	0.1499	0.1666	0.1533	0.168	0.165
2002	1	1	1	0	0.064	0.0857	0.1089	0.1292	0.146	0.1593	0.1697	0.2043	0.1559
2003	1	1	1	0	0.0577	0.0928	0.1024	0.1211	0.144	0.1538	0.1905	0.1726	0.1587
2004	1	1	1	0	0.0661	0.0843	0.1053	0.1123	0.1261	0.1372	0.159	0.1747	0.1619
2005	1	1	1	0	0.0627	0.0784	0.0982	0.1162	0.1229	0.1356	0.1359	0.1525	0.126
2006	1	1	1	0	0.0536	0.072	0.0885	0.1039	0.1163	0.1218	0.128	0.1744	0.1535
2007	1	1	1	0	0.0488	0.0746	0.0837	0.0937	0.1024	0.1437	0.1566	0.1757	0.1512
2008	1	1	1	0	0.0564	0.0634	0.0927	0.1079	0.1149	0.144	0.145	0.139	0.162
2009	1	1	1	0	0.0445	0.0738	0.0762	0.105	0.1087	0.098	0.1449	0.1633	0.1509
2010	1	1	1	0	0.0492	0.0719	0.0857	0.091	0.1113	0.1286	0.113	0.161	0.1487
2011	1	1	1	0	0.051	0.078	0.084	0.1058	0.094	0.106	0.1375	0.1627	0.1533
2012	1	1	1	0	0.0512	0.0847	0.0952	0.1098	0.1185	0.092	0.1394	0.1603	0.1532
2013	1	1	1	0	0.0555	0.08	0.0982	0.1095	0.1177	0.124	0.13	0.1572	0.1536
2014	1	1	1	0	0.057	0.0882	0.1121	0.1303	0.1389	0.15	0.133	0.1609	0.152
2015	1	1	1	0	0.0615	0.0791	0.0907	0.1045	0.1092	0.113	0.1113	0.1604	0.13
2016	1	1	1	0	0.0637	0.0746	0.0819	0.0902	0.0928	0.12	0.146	0.1603	0.1484
2017	1	1	1	0	0.0578	0.0769	0.0953	0.1044	0.1074	0.1264	0.1319	0.1598	0.1474
2018	1	1	1	0	0.0617	0.0866	0.1026	0.1157	0.1173	0.128	0.1372	0.1597	0.1463
2019	1	1	1	0	0.0664	0.0856	0.0972	0.1231	0.1317	0.1388	0.1431	0.132	0.1448
#
##### Annual mean weight (not used) #####
1 	# Number of annual mean weight tables
0 	# Number of observations per table
#
##### Marker for end of data file #####
999 	# End of file
